tree
version=v4
num_class=1
num_tree_per_iteration=1
label_index=0
max_feature_idx=43
objective=quantile
feature_names=lag_1 lag_2 lag_3 lag_4 lag_7d lag_30d roll_7d_mean roll_7d_std roll_7d_min roll_7d_max dow hour dom month akshaya_tritiya dhanteras since_last_drop hours_since_prev prev_delta usd_inr gold_usd us_10y_yield dxy sensex vix_level usd_inr_change_1d gold_usd_change_1d gold_usd_5d_vol sensex_5d_return usd_inr_lag_1 usd_inr_lag_2 usd_inr_lag_3 usd_inr_lag_4 usd_inr_lag_5 usd_inr_lag_6 usd_inr_lag_7 gold_usd_lag_1 gold_usd_lag_2 gold_usd_lag_3 gold_usd_lag_4 gold_usd_lag_5 gold_usd_lag_6 gold_usd_lag_7 regime
feature_infos=[6063:14668] [6063:14378] [6063:14180] [6063:13894] [6063:13654] [6063:12878] [6098:14364.4] [8.9628864398294787:465.32139430720338] [6063:13894] [6129:14702] [0:4] none [1:31] [1:12] none none [0:54] [24:120] [-674:570] [83.367500305175781:91.713096618652344] [2299.199951171875:5079.89990234375] [3.6210000514984131:4.8029999732971191] [96.220001220703125:109.95999908447266] [72989.9296875:85836.1171875] [11.939999580383301:52.330001831054688] [-0.010959362029406505:0.010618780249295856] [-0.057351710352510854:0.037311524487011472] [0.00087922549498013465:0.035808739157781967] [-0.049815757365686553:0.04167204579845718] [83.367500305175781:91.558296203613281] [83.367500305175781:91.558296203613281] [83.450897216796875:91.558296203613281] [83.38079833984375:91.558296203613281] [83.374099731445312:91.536903381347656] [83.093399047851562:91.118400573730469] [83.093399047851562:90.948898315429688] [2299.199951171875:5079.7001953125] [2305.199951171875:4976.2001953125] [2305.199951171875:4976.2001953125] [2300.199951171875:4976.2001953125] [2299.199951171875:4908.7998046875] [2299.199951171875:4831.7998046875] [2299.199951171875:4759.60009765625] [0:1]
tree_sizes=695 806 728 733 730 821 806 727 646 729 648 733 809 814 819 824 826 739 743 812 810 732 658 658

Tree=0
num_leaves=7
num_cat=0
split_feature=41 34 37 6 2 12
split_gain=2.81688 1.34563 0.847471 0.81627 1.48224 0.0426471
threshold=3037.9499511718755 89.850402832031264 3332.150024414063 9356.1250000000018 11129.000000000002 26.500000000000004
decision_type=2 2 2 2 2 2
left_child=5 2 -2 -4 -5 -1
right_child=1 -3 3 4 -6 -7
leaf_value=153.09997073411941 159.9899695277214 163.10496917366982 151.66997092962265 163.63997085094451 153.04997081756591 153.59996987581252
leaf_weight=116 28 20 34 23 33 20
leaf_count=116 28 20 34 23 33 20
internal_value=156 156.005 156.003 156.001 156.005 155.995
internal_weight=274 138 118 90 56 136
internal_count=274 138 118 90 56 136
is_linear=0
shrinkage=1


Tree=1
num_leaves=8
num_cat=0
split_feature=19 23 39 10 18 18 0
split_gain=2.48227 2.16667 0.811688 0.553638 0.604196 0.114894 2.22045e-16
threshold=88.68249893188478 84558.023437500015 2938.8000488281255 1.5000000000000002 -13.499999999999998 61.500000000000007 7823.5000000000009
decision_type=2 2 2 2 2 2 2
left_child=2 -2 6 5 -5 -4 -1
right_child=1 -3 3 4 -6 -7 -8
leaf_value=-2.8424988307951828 8.8563746654986844 -0.35024881511926653 -3.7698985395193532 2.9155005973577506 -0.14949882209300966 -1.4769994711875911 -1.5049994188547133
leaf_weight=104 26 24 27 22 30 20 21
leaf_count=104 26 24 27 22 30 20 21
internal_value=-7.29939e-05 0.01 -0.00232143 0.0010606 0.00461538 -0.00287234 -0.005
internal_weight=274 50 224 99 52 47 125
internal_count=274 50 224 99 52 47 125
is_linear=0
shrinkage=0.05


Tree=2
num_leaves=7
num_cat=0
split_feature=6 23 27 10 12 41
split_gain=2.29778 1.97078 0.531359 0.414216 0.334867 0.16516
threshold=9356.1250000000018 82619.953125000015 0.014299492870218708 1.5000000000000002 27.500000000000004 3334.599975585938
decision_type=2 2 2 2 2 2
left_child=2 -2 4 -3 5 -1
right_child=1 3 -4 -5 -6 -7
leaf_value=-2.5628735951662112 6.7551825525164633 -1.2408361983461254 3.2250502662837643 3.4118500086990817 0.11833642247734791 -1.1920246811116135
leaf_weight=137 25 24 20 27 20 21
leaf_count=137 25 24 20 27 20 21
internal_value=0.000109488 0.0075 -0.00272727 0.00186274 -0.00359551 -0.00436709
internal_weight=274 76 198 51 178 158
internal_count=274 76 198 51 178 158
is_linear=0
shrinkage=0.05


Tree=3
num_leaves=7
num_cat=0
split_feature=41 10 29 18 26 12
split_gain=2.31994 1.32721 1.17669 0.51979 0.463141 0.171014
threshold=3073.349975585938 1.5000000000000002 88.738849639892592 -13.499999999999998 0.0070055507324068298 26.500000000000004
decision_type=2 2 2 2 2 2
left_child=5 4 3 -3 -2 -1
right_child=1 2 -4 -5 -6 -7
leaf_value=-2.4347299154078996 -3.2000052757046342 3.4123675896832562 9.0725551065374095 -0.62076459310154952 0.42930991236190635 -2.0231369943402466
leaf_weight=118 39 22 23 27 25 20
leaf_count=118 39 22 23 27 25 20
internal_value=0.00029197 0.00492647 0.00958333 0.00520408 -0.000312501 -0.00427536
internal_weight=274 136 72 49 64 138
internal_count=274 136 72 49 64 138
is_linear=0
shrinkage=0.05


Tree=4
num_leaves=7
num_cat=0
split_feature=41 10 29 9 27 12
split_gain=2.4259 1.42188 1.09288 0.59358 0.358135 0.170588
threshold=3037.9499511718755 1.5000000000000002 88.738849639892592 9146.0000000000018 0.010751084370882054 26.500000000000004
decision_type=2 2 2 2 2 2
left_child=5 4 3 -3 -2 -1
right_child=1 2 -4 -5 -6 -7
leaf_value=-2.3629936938188707 -2.1371469328302766 2.8683880579111949 8.6189273512105391 0.013848122798106125 0.97978280265598705 -1.921980144623235
leaf_weight=116 36 20 23 31 28 20
leaf_count=116 36 20 23 31 28 20
internal_value=0.000474451 0.00514493 0.00986486 0.00578431 -0.000312501 -0.00426471
internal_weight=274 138 74 51 64 136
internal_count=274 138 74 51 64 136
is_linear=0
shrinkage=0.05


Tree=5
num_leaves=8
num_cat=0
split_feature=2 27 10 27 16 2 0
split_gain=2.07588 1.13041 1.10813 0.317103 0.0431034 0.0291667 2.22045e-16
threshold=8304.5000000000018 0.014618043012795357 2.5000000000000004 0.0094248327208421006 1.5000000000000002 9193.5000000000018 8001.0000000000009
decision_type=2 2 2 2 2 2 2
left_child=4 2 3 5 -1 -2 -6
right_child=1 -3 -4 -5 6 -7 -8
leaf_value=-1.8723993455775245 -3.8220813931302189 5.1129193158457795 6.5532655049003665 0.042771136242964233 -2.1948437349465606 -3.2648073544691245 -2.3505155846539516
leaf_weight=20 20 24 35 34 105 28 20
leaf_count=20 20 24 35 34 105 28 20
internal_value=-0.000454547 0.00386525 0.00183761 -0.00134146 -0.00465517 -0.00395833 -0.005
internal_weight=286 141 117 82 145 48 125
internal_count=286 141 117 82 145 48 125
is_linear=0
shrinkage=0.05


Tree=6
num_leaves=8
num_cat=0
split_feature=41 13 10 23 2 3 0
split_gain=1.90669 1.22084 0.840162 0.300325 0.225 0.0431034 2.22045e-16
threshold=3037.9499511718755 4.5000000000000009 2.5000000000000004 82042.542968750015 11129.000000000002 8001.0000000000009 7345.5000000000009
decision_type=2 2 2 2 2 2 2
left_child=5 -2 3 -3 -5 6 -1
right_child=1 2 -4 4 -6 -7 -8
leaf_value=-2.0851015481992321 8.3467466434308815 -3.5603879224946215 4.829883868842205 0.1442311939474486 -2.8805662653303927 -1.6280383932868809 -4.3961981857234154
leaf_weight=105 28 37 36 20 20 20 20
leaf_count=105 28 37 36 20 20 20 20
internal_value=-0.000629372 0.00351064 0.00119469 -0.00175325 0.00125 -0.00465517 -0.005
internal_weight=286 141 113 77 40 145 125
internal_count=286 141 113 77 40 145 125
is_linear=0
shrinkage=0.05


Tree=7
num_leaves=7
num_cat=0
split_feature=3 27 19 0 10 9
split_gain=1.70214 0.953202 0.69551 1.04291 0.6436 0.0318182
threshold=8038.5000000000009 0.0094248327208421006 88.749950408935561 8938.0000000000018 2.5000000000000004 9229.5000000000018
decision_type=2 2 2 2 2 2
left_child=-1 4 3 -3 5 -2
right_child=1 2 -4 -5 -6 -7
leaf_value=-2.0808468386916785 -3.9230380495882957 2.5421489847888825 10.254524546041159 -1.7915779513321644 4.7220551888811233 -2.9358982236752524
leaf_weight=131 20 20 24 33 23 35
leaf_count=131 20 20 24 33 23 35
internal_value=-0.000804197 0.00274193 0.00668831 0.00349056 -0.00115385 -0.00409091
internal_weight=286 155 77 53 78 55
internal_count=286 155 77 53 78 55
is_linear=0
shrinkage=0.05


Tree=8
num_leaves=6
num_cat=0
split_feature=1 23 7 3 18
split_gain=1.34763 2.15641 0.590009 0.28608 0.0443182
threshold=10178.500000000002 83617.074218750015 140.90086111805707 9130.5000000000018 -73.499999999999986
decision_type=2 2 2 2 2
left_child=2 -2 3 4 -1
right_child=1 -3 -4 -5 -6
leaf_value=-1.2955047375359656 9.1410094280743888 -1.7646619810981115 2.4150415355494381 0.55163082111025374 -2.0361543574195773
leaf_weight=20 26 39 20 25 156
leaf_count=20 26 39 20 25 156
internal_value=-0.00132867 0.005 -0.00319005 -0.00400498 -0.00471591
internal_weight=286 65 221 201 176
internal_count=286 65 221 201 176
is_linear=0
shrinkage=0.05


Tree=9
num_leaves=7
num_cat=0
split_feature=37 41 37 16 10 1
split_gain=1.531 0.734062 0.687814 0.631431 0.330688 0.034127
threshold=4310.5500488281259 2934.6000976562505 3332.150024414063 5.5000000000000009 2.5000000000000004 11047.500000000002
decision_type=2 2 2 2 2 2
left_child=1 -1 3 -3 5 -4
right_child=-2 2 4 -5 -6 -7
leaf_value=-1.8183258405438765 7.4096208239957138 4.1019291441771903 -2.8811756180967336 -0.16732363038000544 4.8999738622119455 -2.893790079148697
leaf_weight=132 21 21 43 22 27 20
leaf_count=132 21 21 43 22 27 20
internal_value=-0.00132867 -0.00235849 0.000263157 0.00546512 -0.00222222 -0.00420635
internal_weight=286 265 133 43 90 63
internal_count=286 265 133 43 90 63
is_linear=0
shrinkage=0.05


Tree=10
num_leaves=6
num_cat=0
split_feature=35 35 33 18 7
split_gain=3.75633 0.56129 0.435142 0.695817 0.252015
threshold=88.679401397705092 85.498100280761733 86.451549530029311 17.500000000000004 69.272591780845929
decision_type=2 2 2 2 2
left_child=1 -1 3 -3 -4
right_child=-2 2 4 -5 -6
leaf_value=-1.9106581632908466 6.8570340419530469 1.433873563910983 -0.57059299184198708 -1.0076129474177011 -2.1876233979888209
leaf_weight=116 39 24 35 22 43
leaf_count=116 39 24 35 22 43
internal_value=-0.000161292 -0.0025 -0.000161292 0.00369565 -0.0024359
internal_weight=279 240 124 46 78
internal_count=279 240 124 46 78
is_linear=0
shrinkage=0.05


Tree=11
num_leaves=7
num_cat=0
split_feature=35 13 35 33 18 7
split_gain=3.20559 1.33636 0.501913 0.497785 0.695817 0.141418
threshold=88.614250183105483 10.500000000000002 85.498100280761733 86.451549530029311 17.500000000000004 69.272591780845929
decision_type=2 2 2 2 2 2
left_child=2 -2 -1 4 -4 -5
right_child=1 -3 3 5 -6 -7
leaf_value=-1.8151252551263051 8.7275424198981408 1.9193078798830048 1.3621798857154335 -1.5919535017336157 -0.95723230004681614 -1.8597893907558214
leaf_weight=116 24 20 24 34 22 39
leaf_count=116 24 20 24 34 22 39
internal_value=-0.000340503 0.0120455 -0.00265958 -0.000378152 0.00369565 -0.00294521
internal_weight=279 44 235 119 46 73
internal_count=279 44 235 119 46 73
is_linear=0
shrinkage=0.05


Tree=12
num_leaves=8
num_cat=0
split_feature=35 23 35 27 0 5 4
split_gain=3.20559 1.60303 0.501913 0.410725 0.625 0.153024 0.340097
threshold=88.614250183105483 83617.074218750015 85.498100280761733 0.0089097584727335366 8865.0000000000018 8033.0000000000009 9212.0000000000018
decision_type=2 2 2 2 2 2 2
left_child=2 -2 -1 5 -5 -4 -7
right_child=1 -3 3 4 -6 6 -8
leaf_value=-1.7243689923699899 9.8437594013116847 2.0504437884482356 -2.510823551907754 1.6862468766481749 -1.2403127480376237 0.94315485645551134 -2.8968626243212956
leaf_weight=116 20 24 34 20 20 23 22
leaf_count=116 20 24 34 20 20 23 22
internal_value=-0.000340503 0.0120455 -0.00265958 -0.000378152 0.00375 -0.00246836 -0.000555557
internal_weight=279 44 235 119 40 79 45
internal_count=279 44 235 119 40 79 45
is_linear=0
shrinkage=0.05


Tree=13
num_leaves=8
num_cat=0
split_feature=35 10 35 27 0 5 32
split_gain=2.29129 1.61044 0.501913 0.410725 0.625 0.153024 0.340097
threshold=88.614250183105483 1.5000000000000002 85.498100280761733 0.0089097584727335366 8865.0000000000018 8033.0000000000009 87.441596984863295
decision_type=2 2 2 2 2 2 2
left_child=2 -2 -1 5 -5 -4 -7
right_child=1 -3 3 4 -6 6 -8
leaf_value=-1.6381505427514904 -0.29093879697273856 6.0339289881216942 -2.3852823743123666 1.6019345328157664 -1.1782971106357432 0.89599711363273526 -2.8302515303316036
leaf_weight=116 21 23 34 20 20 23 22
leaf_count=116 21 23 34 20 20 23 22
internal_value=-0.000698926 0.00977273 -0.00265958 -0.000378152 0.00375 -0.00246836 -0.000555557
internal_weight=279 44 235 119 40 79 45
internal_count=279 44 235 119 40 79 45
is_linear=0
shrinkage=0.05


Tree=14
num_leaves=8
num_cat=0
split_feature=19 10 35 10 25 5 7
split_gain=2.29129 1.61044 0.501913 0.269072 0.560808 0.245455 0.123077
threshold=88.669048309326186 1.5000000000000002 85.498100280761733 1.5000000000000002 0.00065064696960337464 8659.5000000000018 99.219372138202417
decision_type=2 2 2 2 2 2 2
left_child=2 -2 -1 6 5 -5 -4
right_child=1 -3 3 4 -6 -7 -8
leaf_value=-1.5562430156139158 -0.27639185712410158 5.7322325387156106 -2.0345949387300126 0.4026333373360319 3.2964755444390779 -3.0085245147926716 -1.1111864777273577
leaf_weight=116 21 23 32 20 23 24 20
leaf_count=116 21 23 32 20 23 24 20
internal_value=-0.000698926 0.00977273 -0.00265958 -0.000378152 0.00171642 -0.00159091 -0.00307692
internal_weight=279 44 235 119 67 44 52
internal_count=279 44 235 119 67 44 52
is_linear=0
shrinkage=0.05


Tree=15
num_leaves=8
num_cat=0
split_feature=37 5 22 26 18 12 16
split_gain=2.07965 0.993262 0.638641 0.903257 0.505083 0.0428571 0.0318182
threshold=4319.7500000000009 7935.0000000000009 99.43500137329103 -0.0012355107807724972 -10.499999999999998 26.500000000000004 8.5000000000000018
decision_type=2 2 2 2 2 2 2
left_child=1 5 4 -4 -3 -1 -6
right_child=-2 2 3 -5 6 -7 -8
leaf_value=-1.3536719022706207 6.5023467913537516 1.3698616845204974 -2.5653344011495895 4.0274125345958032 -1.7145797118516879 -0.95077116921629179 -0.71387277174769692
leaf_weight=120 20 27 20 31 35 20 20
leaf_count=120 20 27 20 31 35 20 20
internal_value=-0.000563141 -0.0017033 0.00139098 0.00578431 -0.00134146 -0.00464286 -0.00409091
internal_weight=293 273 133 51 82 140 55
internal_count=293 273 133 51 82 140 55
is_linear=0
shrinkage=0.05


Tree=16
num_leaves=8
num_cat=0
split_feature=37 5 22 26 18 25 18
split_gain=2.07965 0.76657 0.752615 0.903257 0.328364 0.104762 0.0321429
threshold=4319.7500000000009 7935.0000000000009 99.43500137329103 -0.0012355107807724972 -17.499999999999996 0.00096952071875355827 133.00000000000003
decision_type=2 2 2 2 2 2 2
left_child=1 5 4 -4 -3 -1 -6
right_child=-2 2 3 -5 6 -7 -8
leaf_value=-1.7594853369239307 6.1772294517860651 1.4040274398750119 -2.4370676810921101 3.8260419078660131 -0.65026436440042734 -0.14204090290499513 -1.1140610814449123
leaf_weight=110 20 26 20 31 36 30 20
leaf_count=110 20 26 20 31 36 30 20
internal_value=-0.000563141 -0.0017033 0.00101504 0.00578431 -0.00195122 -0.00428572 -0.00410714
internal_weight=293 273 133 51 82 140 56
internal_count=293 273 133 51 82 140 56
is_linear=0
shrinkage=0.05


Tree=17
num_leaves=7
num_cat=0
split_feature=35 23 24 12 0 42
split_gain=1.93678 1.06408 0.438116 0.117318 0.0340278 0.041369
threshold=88.00150299072267 84472.589843750015 23.529999732971195 27.500000000000004 6482.5000000000009 3352.0000000000005
decision_type=2 2 2 2 2 2
left_child=2 -2 3 4 -1 -6
right_child=1 -3 -4 -5 5 -7
leaf_value=-1.0211952982856354 4.3086576298482786 -0.21661758082599689 2.9359332751302833 -0.31470367722637055 -1.6468267107962635 -0.81346284412410652
leaf_weight=20 34 31 25 23 139 21
leaf_count=20 34 31 25 23 139 21
internal_value=-0.00107509 0.00653846 -0.00324562 -0.00401478 -0.00444445 -0.0046875
internal_weight=293 65 228 203 180 160
internal_count=293 65 228 203 180 160
is_linear=0
shrinkage=0.05


Tree=18
num_leaves=7
num_cat=0
split_feature=35 18 7 7 21 28
split_gain=1.48811 1.24103 0.497221 0.197795 0.107615 0.292105
threshold=88.00150299072267 34.500000000000007 140.90086111805707 32.132271262921243 4.4089999198913583 0.00075073985375362373
decision_type=2 2 2 2 2 2
left_child=2 -2 3 -1 -5 -6
right_child=1 -3 -4 4 5 -7
leaf_value=-0.18552555844415994 6.5309126831047379 -0.080696631697227322 3.4879426927312047 -2.1433046467531418 -0.96006030800301001 0.056783170106801874
leaf_weight=28 26 39 21 122 37 20
leaf_count=28 26 39 21 122 37 20
internal_value=-0.000904438 0.00576923 -0.00280702 -0.00355073 -0.00416201 -0.00236842
internal_weight=293 65 228 207 179 57
internal_count=293 65 228 207 179 57
is_linear=0
shrinkage=0.05


Tree=19
num_leaves=8
num_cat=0
split_feature=19 7 5 7 7 21 0
split_gain=1.30207 1.02289 0.534075 0.507324 0.16464 0.237378 0.0311321
threshold=87.512950897216811 94.437896156452055 11137.500000000002 124.43180334970997 54.304564016661537 4.4089999198913583 6934.0000000000009
decision_type=2 2 2 2 2 2 2
left_child=3 -2 -3 4 5 6 -1
right_child=1 2 -4 -5 -6 -7 -8
leaf_value=-0.93270582771576316 4.0942107525147593 1.4181888485509757 -0.26810221305643273 3.3135455580946451 -2.2852915377162355 0.034148818093278493 -1.5955527321681091
leaf_weight=20 25 27 32 21 104 31 33
leaf_count=20 25 27 32 21 104 31 33
internal_value=-0.00073379 0.00452381 0.000932202 -0.00284689 -0.00367021 -0.00202381 -0.0040566
internal_weight=293 84 59 209 188 84 53
internal_count=293 84 59 209 188 84 53
is_linear=0
shrinkage=0.05


Tree=20
num_leaves=8
num_cat=0
split_feature=27 25 21 13 0 22 0
split_gain=1.00666 1.05171 1.13275 0.463768 0.14375 0.25 2.22045e-16
threshold=0.0083198249531840369 0.00038097952987381506 4.248500108718873 5.5000000000000009 9083.5000000000018 98.625000000000014 8128.0000000000009
decision_type=2 2 2 2 2 2 2
left_child=4 3 -3 -2 6 -6 -1
right_child=1 2 -4 -5 5 -7 -8
leaf_value=-1.581574977318136 0.84774435047915997 6.1917407628137866 -0.75410337812700945 -1.6059910796805861 -1.3598623935570622 0.13504280468351171 -2.3271107712098908
leaf_weight=94 23 25 28 46 25 20 21
leaf_count=94 23 25 28 46 25 20 21
internal_value=-0.0014539 0.00196721 0.00726415 -0.00210145 -0.0040625 -0.00166667 -0.005
internal_weight=282 122 53 69 160 45 115
internal_count=282 122 53 69 160 45 115
is_linear=0
shrinkage=0.05


Tree=21
num_leaves=7
num_cat=0
split_feature=2 22 22 23 1 16
split_gain=0.934501 0.852391 0.589235 1.02265 0.406349 0.140299
threshold=7558.0000000000009 98.715000152587905 100.60499954223634 83908.441406250015 8023.0000000000009 11.500000000000002
decision_type=2 2 2 2 2 2
left_child=-1 5 3 -3 -4 -2
right_child=1 2 4 -5 -6 -7
leaf_value=-1.472694687794398 -1.004552756757396 4.2295349084451521 0.32335328792268164 -2.5957197580125708 -3.7452436948115366 -0.21810694958470611
leaf_weight=112 47 34 21 24 24 20
leaf_count=112 47 34 21 24 24 20
internal_value=-0.0014539 0.000882352 0.00373786 0.00706896 -0.000555557 -0.00350746
internal_weight=282 170 103 58 45 67
internal_count=282 170 103 58 45 67
is_linear=0
shrinkage=0.05


Tree=22
num_leaves=6
num_cat=0
split_feature=35 23 24 12 28
split_gain=1.01733 1.26563 0.85117 0.152192 0.0445946
threshold=88.220199584960952 84472.589843750015 23.529999732971195 28.500000000000004 -0.015026574061837937
decision_type=2 2 2 2 2
left_child=2 -2 3 4 -1
right_child=1 -3 -4 -5 -6
leaf_value=-0.21209305205087237 5.2890023251581431 -2.2127399587028203 2.6784003486092871 -1.2004046555334673 -1.5750861725244221
leaf_weight=20 26 27 23 21 165
leaf_count=20 26 27 23 21 165
internal_value=-0.00180851 0.00443396 -0.00325328 -0.00427185 -0.00472973
internal_weight=282 53 229 206 185
internal_count=282 53 229 206 185
is_linear=0
shrinkage=0.05


Tree=23
num_leaves=6
num_cat=0
split_feature=30 23 24 12 18
split_gain=0.862555 1.03712 0.476371 0.153431 0.0447917
threshold=88.669048309326186 84472.589843750015 23.529999732971195 28.500000000000004 -108.49999999999999
decision_type=2 2 2 2 2
left_child=2 -2 3 4 -1
right_child=1 -3 -4 -5 -6
leaf_value=-0.20068447644346082 7.5131920610774587 -2.5377138305006781 2.0534752326935135 -1.1403844227567936 -1.5744400577698485
leaf_weight=20 20 24 25 21 172
leaf_count=20 20 24 25 21 172
internal_value=-0.00234043 0.00409091 -0.00352941 -0.00429578 -0.00473958
internal_weight=282 44 238 213 192
internal_count=282 44 238 213 192
is_linear=0
shrinkage=0.05


end of trees

feature_importances:
usd_inr_lag_7=12
dow=11
prev_delta=11
lag_1=10
roll_7d_std=9
sensex=9
dom=8
gold_usd_5d_vol=8
lag_30d=6
gold_usd_lag_6=6
lag_3=5
dxy=5
gold_usd_lag_2=5
since_last_drop=4
usd_inr=4
lag_2=3
lag_4=3
month=3
us_10y_yield=3
vix_level=3
usd_inr_change_1d=3
gold_usd_change_1d=3
roll_7d_mean=2
roll_7d_max=2
sensex_5d_return=2
usd_inr_lag_1=2
usd_inr_lag_5=2
lag_7d=1
usd_inr_lag_2=1
usd_inr_lag_4=1
usd_inr_lag_6=1
gold_usd_lag_4=1
gold_usd_lag_7=1

parameters:
[boosting: gbdt]
[objective: quantile]
[metric: quantile]
[tree_learner: serial]
[device_type: cpu]
[data_sample_strategy: bagging]
[data: ]
[valid: ]
[num_iterations: 500]
[learning_rate: 0.05]
[num_leaves: 31]
[num_threads: 8]
[seed: 42]
[deterministic: 0]
[force_col_wise: 0]
[force_row_wise: 0]
[histogram_pool_size: -1]
[max_depth: -1]
[min_data_in_leaf: 20]
[min_sum_hessian_in_leaf: 0.001]
[bagging_fraction: 0.8]
[pos_bagging_fraction: 1]
[neg_bagging_fraction: 1]
[bagging_freq: 5]
[bagging_seed: 400]
[bagging_by_query: 0]
[feature_fraction: 0.9]
[feature_fraction_bynode: 1]
[feature_fraction_seed: 30056]
[extra_trees: 0]
[extra_seed: 12879]
[early_stopping_round: 0]
[early_stopping_min_delta: 0]
[first_metric_only: 0]
[max_delta_step: 0]
[lambda_l1: 0]
[lambda_l2: 0]
[linear_lambda: 0]
[min_gain_to_split: 0]
[drop_rate: 0.1]
[max_drop: 50]
[skip_drop: 0.5]
[xgboost_dart_mode: 0]
[uniform_drop: 0]
[drop_seed: 17869]
[top_rate: 0.2]
[other_rate: 0.1]
[min_data_per_group: 100]
[max_cat_threshold: 32]
[cat_l2: 10]
[cat_smooth: 10]
[max_cat_to_onehot: 4]
[top_k: 20]
[monotone_constraints: ]
[monotone_constraints_method: basic]
[monotone_penalty: 0]
[feature_contri: ]
[forcedsplits_filename: ]
[refit_decay_rate: 0.9]
[cegb_tradeoff: 1]
[cegb_penalty_split: 0]
[cegb_penalty_feature_lazy: ]
[cegb_penalty_feature_coupled: ]
[path_smooth: 0]
[interaction_constraints: ]
[verbosity: -1]
[saved_feature_importance_type: 0]
[use_quantized_grad: 0]
[num_grad_quant_bins: 4]
[quant_train_renew_leaf: 0]
[stochastic_rounding: 1]
[linear_tree: 0]
[max_bin: 255]
[max_bin_by_feature: ]
[min_data_in_bin: 3]
[bin_construct_sample_cnt: 200000]
[data_random_seed: 175]
[is_enable_sparse: 1]
[enable_bundle: 1]
[use_missing: 1]
[zero_as_missing: 0]
[feature_pre_filter: 1]
[pre_partition: 0]
[two_round: 0]
[header: 0]
[label_column: ]
[weight_column: ]
[group_column: ]
[ignore_column: ]
[categorical_feature: ]
[forcedbins_filename: ]
[precise_float_parser: 0]
[parser_config_file: ]
[objective_seed: 16083]
[num_class: 1]
[is_unbalance: 0]
[scale_pos_weight: 1]
[sigmoid: 1]
[boost_from_average: 1]
[reg_sqrt: 0]
[alpha: 0.9]
[fair_c: 1]
[poisson_max_delta_step: 0.7]
[tweedie_variance_power: 1.5]
[lambdarank_truncation_level: 30]
[lambdarank_norm: 1]
[label_gain: ]
[lambdarank_position_bias_regularization: 0]
[eval_at: ]
[multi_error_top_k: 1]
[auc_mu_weights: ]
[num_machines: 1]
[local_listen_port: 12400]
[time_out: 120]
[machine_list_filename: ]
[machines: ]
[gpu_platform_id: -1]
[gpu_device_id: -1]
[gpu_use_dp: 0]
[num_gpu: 1]

end of parameters

pandas_categorical:[]
