tree
version=v4
num_class=1
num_tree_per_iteration=1
label_index=0
max_feature_idx=43
objective=quantile
feature_names=lag_1 lag_2 lag_3 lag_4 lag_7d lag_30d roll_7d_mean roll_7d_std roll_7d_min roll_7d_max dow hour dom month akshaya_tritiya dhanteras since_last_drop hours_since_prev prev_delta usd_inr gold_usd us_10y_yield dxy sensex vix_level usd_inr_change_1d gold_usd_change_1d gold_usd_5d_vol sensex_5d_return usd_inr_lag_1 usd_inr_lag_2 usd_inr_lag_3 usd_inr_lag_4 usd_inr_lag_5 usd_inr_lag_6 usd_inr_lag_7 gold_usd_lag_1 gold_usd_lag_2 gold_usd_lag_3 gold_usd_lag_4 gold_usd_lag_5 gold_usd_lag_6 gold_usd_lag_7 regime
feature_infos=[6063:14668] [6063:14378] [6063:14180] [6063:13894] [6063:13654] [6063:12878] [6098:14364.4] [8.9628864398294787:465.32139430720338] [6063:13894] [6129:14702] [0:4] none [1:31] [1:12] none none [0:54] [24:120] [-674:570] [83.367500305175781:91.713096618652344] [2299.199951171875:5079.89990234375] [3.6210000514984131:4.8029999732971191] [96.220001220703125:109.95999908447266] [72989.9296875:85836.1171875] [11.939999580383301:52.330001831054688] [-0.010959362029406505:0.010618780249295856] [-0.057351710352510854:0.037311524487011472] [0.00087922549498013465:0.035808739157781967] [-0.049815757365686553:0.04167204579845718] [83.367500305175781:91.558296203613281] [83.367500305175781:91.558296203613281] [83.450897216796875:91.558296203613281] [83.38079833984375:91.558296203613281] [83.374099731445312:91.536903381347656] [83.093399047851562:91.118400573730469] [83.093399047851562:90.948898315429688] [2299.199951171875:5079.7001953125] [2305.199951171875:4976.2001953125] [2305.199951171875:4976.2001953125] [2300.199951171875:4976.2001953125] [2299.199951171875:4908.7998046875] [2299.199951171875:4831.7998046875] [2299.199951171875:4759.60009765625] [0:1]
tree_sizes=1037 731 731 900 887 1054 1055 968 978 1058 989 734 900 813 903 1063 998 1065 985 976 985 904 749 907 892 1052 984 882 903 973 905 903 903 901 892 979 904 903 822 983 981 976 977

Tree=0
num_leaves=11
num_cat=0
split_feature=7 13 27 13 31 21 25 22 0 0
split_gain=1.17949 0.327354 0.833333 0.301993 0.436364 0.686893 0.1 0.0397959 1.11022e-16 5.55112e-17
threshold=194.69653971373489 10.500000000000002 0.0056462022957311266 6.5000000000000009 86.582050323486342 4.3910000324249276 9.6342530013560093e-05 103.90000152587892 9255.5000000000018 6914.0000000000009
decision_type=2 2 2 2 2 2 2 2 2 2
left_child=1 3 -3 4 5 -1 -4 8 9 -5
right_child=-2 2 6 7 -6 -7 -8 -9 -10 -11
leaf_value=-96.649999922513956 -97.549999979883438 -98.164999939128762 -91.579999991506341 -93.409999977052209 -92.279999971389771 -93.499999979883427 -94.424999823048708 -91.414999910816547 -92.879999983310697 -93.874999998137355
leaf_weight=27 28 20 20 23 33 28 20 20 29 26
leaf_count=27 28 20 20 23 33 28 20 20 29 26
internal_value=-94.9996 -94.9985 -95.0017 -94.9974 -94.9995 -95.0023 -94.9975 -94.9955 -94.995 -94.995
internal_weight=274 246 60 186 88 55 40 98 78 49
internal_count=274 246 60 186 88 55 40 98 78 49
is_linear=0
shrinkage=1


Tree=1
num_leaves=7
num_cat=0
split_feature=7 24 10 19 23 0
split_gain=0.937259 0.535922 0.473733 0.401111 0.309153 2.22045e-16
threshold=194.69653971373489 20.210000038146976 3.5000000000000004 85.708652496337905 83734.187500000015 9361.0000000000018
decision_type=2 2 2 2 2 2
left_child=1 2 4 -3 5 -1
right_child=-2 3 -4 -5 -6 -7
leaf_value=1.5416500303916636 -2.4224999808892607 -4.0720499256186189 -4.102624894980341 2.3684250254675745 -0.087199991892278228 2.0594500574648378
leaf_weight=129 28 25 24 20 25 23
leaf_count=129 28 25 24 20 25 23
internal_value=0.00116788 0.00215447 0.00325871 -0.00277778 0.00415254 0.005
internal_weight=274 246 201 45 177 152
internal_count=274 246 201 45 177 152
is_linear=0
shrinkage=0.05


Tree=2
num_leaves=7
num_cat=0
split_feature=7 24 10 29 23 0
split_gain=0.937259 0.535922 0.473733 0.401111 0.309153 2.22045e-16
threshold=194.69653971373489 20.210000038146976 3.5000000000000004 85.97769927978517 83734.187500000015 9361.0000000000018
decision_type=2 2 2 2 2 2
left_child=1 2 4 -3 5 -1
right_child=-2 3 -4 -5 -6 -7
leaf_value=1.4645675288720803 -2.3013749818447979 -3.8684474293376883 -3.8974936502313242 2.2500037741941958 -0.082839992297664394 1.9564775545915958
leaf_weight=129 28 25 24 20 25 23
leaf_count=129 28 25 24 20 25 23
internal_value=0.00116788 0.00215447 0.00325871 -0.00277778 0.00415254 0.005
internal_weight=274 246 201 45 177 152
internal_count=274 246 201 45 177 152
is_linear=0
shrinkage=0.05


Tree=3
num_leaves=9
num_cat=0
split_feature=7 25 27 26 10 2 21 0
split_gain=0.898211 0.299868 0.370513 1.16224 0.323084 0.273485 0.0379518 1.11022e-16
threshold=194.69653971373489 -0.00043429289892960016 0.0059058244636678277 0.0043995215891875503 2.5000000000000004 8038.5000000000009 4.3424999713897714 9955.5000000000018
decision_type=2 2 2 2 2 2 2 2
left_child=1 6 3 -3 -4 -6 7 -1
right_child=-2 2 4 -5 5 -7 -8 -9
leaf_value=1.3090891353219434 -2.1863062327525578 0.87112342556182587 2.6258330420740488 -2.0513501126422571 2.3195317764109933 -1.9856265335846801 3.7708641602709569 1.9088382097156797
leaf_weight=43 28 35 58 26 24 20 20 20
leaf_count=43 28 35 58 26 24 20 20 20
internal_value=0.000985402 0.00195122 0.000705522 -0.00237705 0.00254902 -0.000681818 0.00439759 0.005
internal_weight=274 246 163 61 102 44 83 63
internal_count=274 246 163 61 102 44 83 63
is_linear=0
shrinkage=0.05


Tree=4
num_leaves=9
num_cat=0
split_feature=27 20 2 21 24 22 0 0
split_gain=0.704135 0.317235 0.667361 0.356028 0.291722 0.0403846 1.11022e-16 1.11022e-16
threshold=0.017177923146179712 2675.7500000000005 7498.0000000000009 4.1370000839233407 21.029999732971195 97.990001678466811 7014.0000000000009 10532.000000000002
decision_type=2 2 2 2 2 2 2 2
left_child=1 6 -3 -4 5 -5 -1 -7
right_child=-2 2 3 4 -6 7 -8 -9
leaf_value=1.8617172262210244 -3.2614109918102798 -4.6089252371124534 -1.3930977617889231 1.2357091006104941 -0.80781903617301531 1.5239704679083699 1.058695831825492 1.9714530392399245
leaf_weight=53 20 20 34 20 22 61 21 23
leaf_count=53 20 20 34 20 22 61 21 23
internal_value=0.00153285 0.00224409 0.00111111 0.0021875 0.0034127 0.00451923 0.005 0.005
internal_weight=274 254 180 160 126 104 74 84
internal_count=274 254 180 160 126 104 74 84
is_linear=0
shrinkage=0.05


Tree=5
num_leaves=11
num_cat=0
split_feature=9 19 25 25 25 0 23 1 0 0
split_gain=0.825998 1.20019 0.715235 0.723423 0.557361 0.27 0.0382353 0.0346154 1.11022e-16 5.55112e-17
threshold=7225.5000000000009 85.270153045654311 -0.00043429289892960016 0.0016863190991796009 0.00044075415684563529 10128.000000000002 81710.437500000015 11203.000000000002 6975.0000000000009 9015.0000000000018
decision_type=2 2 2 2 2 2 2 2 2 2
left_child=6 -2 7 4 -4 -5 8 9 -1 -3
right_child=1 2 3 5 -6 -7 -8 -9 -10 -11
leaf_value=2.6481790603021649 -6.835582168031805 3.7922183885160052 -0.0024132834322243115 1.172722513493573 -2.2116715041384594 -0.18374079440488089 0.99356464457421778 1.4924243110023907 1.3823924628520028 0.96087857990034498
leaf_weight=43 28 23 26 30 32 20 20 20 22 22
leaf_count=43 28 23 26 30 32 20 20 20 22 22
internal_value=0.00027972 -0.00146766 8.67054e-05 -0.00240741 -0.0062069 0.002 0.00441176 0.00423077 0.005 0.005
internal_weight=286 201 173 108 58 50 85 65 65 45
internal_count=286 201 173 108 58 50 85 65 65 45
is_linear=0
shrinkage=0.05


Tree=6
num_leaves=11
num_cat=0
split_feature=20 19 25 21 22 27 12 1 0 0
split_gain=0.970485 1.42321 0.832598 0.84687 0.557525 0.289286 0.038764 0.0346154 1.11022e-16 5.55112e-17
threshold=2675.7500000000005 85.270153045654311 -0.00043429289892960016 4.1370000839233407 98.58499908447267 0.0065762157166245 24.500000000000004 11203.000000000002 6963.0000000000009 9015.0000000000018
decision_type=2 2 2 2 2 2 2 2 2 2
left_child=6 -2 7 -4 -5 -6 8 9 -1 -3
right_child=1 2 3 4 5 -7 -8 -9 -10 -11
leaf_value=2.6601882933402905 -6.5680094022980855 3.6026074690902052 -7.4730301991481811 -0.36538116821718741 -0.72521975126687199 1.6159653401817284 1.1652152758830598 1.4178030954522711 1.3294668874424762 0.912834650905328
leaf_weight=46 25 23 25 26 20 36 20 20 23 22
leaf_count=46 25 23 25 26 20 36 20 20 23 22
internal_value=0.000104895 -0.00185279 -0.000232558 -0.00294392 -0.000487805 0.00232143 0.0044382 0.00423077 0.005 0.005
internal_weight=286 197 172 107 82 56 89 65 69 45
internal_count=286 197 172 107 82 56 89 65 69 45
is_linear=0
shrinkage=0.05


Tree=7
num_leaves=10
num_cat=0
split_feature=20 19 21 18 22 27 12 0 0
split_gain=0.820188 1.06764 0.829616 0.625 0.458009 0.327731 0.038764 1.11022e-16 1.11022e-16
threshold=2675.7500000000005 85.270153045654311 4.1370000839233407 54.500000000000007 97.990001678466811 0.0055880109360930972 24.500000000000004 6963.0000000000009 11203.000000000002
decision_type=2 2 2 2 2 2 2 2 2
left_child=6 -2 3 -3 -4 -6 7 -1 -7
right_child=1 2 4 -5 5 8 -8 -9 -10
leaf_value=2.5271788786732756 -6.2396089321831818 0.029047955201951317 -0.17546304701330229 -7.8011505490800666 -0.25632449930118284 1.9981918976414605 1.106954512088907 1.2629935430703523 1.6128997707039134
leaf_weight=46 25 20 20 20 34 58 20 23 20
leaf_count=46 25 20 20 20 34 58 20 23 20
internal_value=0.000454546 -0.00134518 5.81397e-05 -0.00625 0.0019697 0.00321429 0.0044382 0.005 0.005
internal_weight=286 197 172 40 132 112 89 69 78
internal_count=286 197 172 40 132 112 89 69 78
is_linear=0
shrinkage=0.05


Tree=8
num_leaves=10
num_cat=0
split_feature=25 20 25 29 18 12 1 0 0
split_gain=0.980677 0.843595 1.25061 0.993432 0.448179 0.352941 0.0256098 2.22045e-16 1.11022e-16
threshold=9.6342530013560093e-05 2675.7500000000005 0.0016863190991796009 86.582050323486342 69.500000000000014 21.500000000000004 6858.0000000000009 9955.5000000000018 6914.0000000000009
decision_type=2 2 2 2 2 2 2 2 2
left_child=5 6 3 -3 -4 7 -2 8 -1
right_child=1 2 4 -5 -6 -7 -8 -9 -10
leaf_value=2.7206909868123832 2.8908819179103027 -5.8534221429061501 1.262522133136019 -0.97433826426353098 -0.078752483177151431 0.3626256334712899 1.0501614944762554 1.1045777721105756 1.1622565134541956
leaf_weight=23 20 28 30 30 21 34 21 21 58
leaf_count=23 20 28 30 30 21 34 21 21 58
internal_value=0.000454546 -0.00233333 -0.00463303 -0.00965517 0.00107843 0.00352941 0.00378049 0.005 0.005
internal_weight=286 150 109 58 51 136 41 102 81
internal_count=286 150 109 58 51 136 41 102 81
is_linear=0
shrinkage=0.05


Tree=9
num_leaves=11
num_cat=0
split_feature=25 20 19 26 22 12 1 1 0 0
split_gain=0.980677 0.843595 1.02325 0.726702 0.416843 0.352941 0.104762 0.0256098 2.22045e-16 1.11022e-16
threshold=9.6342530013560093e-05 2675.7500000000005 85.652000427246108 0.0035045924277362643 99.069999694824233 21.500000000000004 9369.5000000000018 6858.0000000000009 9955.5000000000018 6914.0000000000009
decision_type=2 2 2 2 2 2 2 2 2 2
left_child=5 7 -3 6 -5 8 -4 -2 9 -1
right_child=1 2 3 4 -6 -7 -8 -9 -10 -11
leaf_value=2.584656437471764 2.7463378220147874 -5.6596928259846724 1.1513122979496191 -1.0693410852690399 0.15365826103535235 0.34449435179772508 1.2925262058650233 0.99765341975244271 1.0493488835050468 1.1041436877814859
leaf_weight=23 20 24 22 21 22 34 20 21 21 58
leaf_count=23 20 24 22 21 22 34 20 21 21 58
internal_value=0.000454546 -0.00233333 -0.00463303 -0.00205882 -0.00662791 0.00352941 0.00261905 0.00378049 0.005 0.005
internal_weight=286 150 109 85 43 136 42 41 102 81
internal_count=286 150 109 85 43 136 42 41 102 81
is_linear=0
shrinkage=0.05


Tree=10
num_leaves=10
num_cat=0
split_feature=25 25 26 12 20 34 0 0 0
split_gain=0.553293 0.796933 0.819305 0.298573 0.429624 0.286706 0.040099 0.0291667 1.11022e-16
threshold=0.00021620219223261741 0.00081988824617296185 0.0015349422079150579 20.500000000000004 2768.7500000000005 86.765850067138686 10128.000000000002 7266.5000000000009 7000.0000000000009
decision_type=2 2 2 2 2 2 2 2 2
left_child=3 2 -2 6 -5 7 8 -3 -1
right_child=1 5 -4 4 -6 -7 -8 -9 -10
leaf_value=2.1441390668158458 -0.58012187090041167 0.96998475280504248 -2.8000192440964247 3.5694438276701632 -1.7983594070021223 -0.044869067031857918 0.96365152015870559 1.1163165067564409 1.7829615028002044
leaf_weight=23 26 20 21 21 26 36 20 28 58
leaf_count=23 26 20 21 21 26 36 20 28 58
internal_value=0.000878136 -0.00148855 -0.00670213 0.00297297 -0.000319149 0.00142857 0.00450495 0.00395833 0.005
internal_weight=279 131 47 148 47 84 101 48 81
internal_count=279 131 47 148 47 84 101 48 81
is_linear=0
shrinkage=0.05


Tree=11
num_leaves=7
num_cat=0
split_feature=7 21 27 36 25 18
split_gain=0.501322 0.510149 0.760957 0.399248 0.294764 0.0668498
threshold=194.69653971373489 4.243000030517579 0.0047079679509536764 3336.349975585938 0.00065064696960337464 56.500000000000007
decision_type=2 2 2 2 2 2
left_child=1 5 -3 4 -4 -1
right_child=-2 2 3 -5 -6 -7
leaf_value=1.9907493232308739 -3.2805737018942924 -1.6569395338892876 1.9824217210361692 -2.4090794283047114 0.22347868427938017 2.5794761298764231
leaf_weight=73 29 27 57 20 34 39
leaf_count=73 29 27 57 20 34 39
internal_value=0.000878136 0.0016 -0.000434782 0.0013964 0.0028022 0.00410714
internal_weight=279 250 138 111 91 112
internal_count=279 250 138 111 91 112
is_linear=0
shrinkage=0.05


Tree=12
num_leaves=9
num_cat=0
split_feature=25 25 21 12 20 12 0 0
split_gain=0.380155 0.796234 0.660981 0.298573 0.429624 0.135484 0.040099 1.11022e-16
threshold=0.00021620219223261741 0.0014677530292013243 4.2844998836517343 20.500000000000004 2768.7500000000005 22.500000000000004 10128.000000000002 7000.0000000000009
decision_type=2 2 2 2 2 2 2 2
left_child=3 2 -2 6 -5 -3 7 -1
right_child=1 5 -4 4 -6 -7 -8 -9
leaf_value=1.9377277513876479 -0.047713809888342708 1.7920372035877308 -3.1214630981548193 3.2918505493451655 -1.5850036087816808 0.81376976920067079 0.81593147798922672 1.7093434585012426
leaf_weight=23 39 42 30 21 26 20 20 58
leaf_count=23 39 42 30 21 26 20 20 58
internal_value=0.00123656 -0.000725191 -0.00442029 0.00297297 -0.000319149 0.0033871 0.00450495 0.005
internal_weight=279 131 69 148 47 62 101 81
internal_count=279 131 69 148 47 62 101 81
is_linear=0
shrinkage=0.05


Tree=13
num_leaves=8
num_cat=0
split_feature=17 7 21 27 1 21 18
split_gain=0.31608 0.392917 0.546175 0.923992 0.385486 0.134426 0.116522
threshold=84.000000000000014 194.69653971373489 4.243000030517579 0.0047079679509536764 8038.5000000000009 4.3234999179840097 56.500000000000007
decision_type=2 2 2 2 2 2 2
left_child=1 2 6 -4 5 -5 -1
right_child=-2 -3 3 4 -6 -7 -8
leaf_value=1.8576517162067483 1.6944832247255122 -5.6545205362669044 -2.1021031498529017 -0.025649165223097882 -0.62994999470169866 1.7959998669475394 1.98699158191459
leaf_weight=67 43 23 23 20 37 41 25
leaf_count=67 43 23 23 20 37 41 25
internal_value=0.00105735 0.000338983 0.00100939 -0.00119835 0.000918368 0.00336066 0.00391304
internal_weight=279 236 213 121 98 61 92
internal_count=279 236 213 121 98 61 92
is_linear=0
shrinkage=0.05


Tree=14
num_leaves=9
num_cat=0
split_feature=10 26 27 27 19 36 27 0
split_gain=0.342656 0.624822 0.884668 0.551378 0.427907 0.238677 0.159184 1.11022e-16
threshold=1.5000000000000002 0.003357634160866763 0.0059058244636678277 0.011651743050829022 86.414848327636733 3401.349975585938 0.0048756320276389297 8700.5000000000018
decision_type=2 2 2 2 2 2 2 2
left_child=5 3 -3 -2 -4 6 -1 -8
right_child=1 2 4 -5 -6 -7 7 -9
leaf_value=0.070745738194072372 2.2694446257985232 -0.60229500974204886 0.97335527713070302 -2.831270818824132 -2.0485465801357816 -0.12412176132685877 1.9853983722284889 2.4725861413219832
leaf_weight=20 55 28 23 21 20 34 58 20
leaf_count=20 55 28 23 21 20 34 58 20
internal_value=0.000878136 -0.000782313 -0.00415493 0.00236842 0.000348837 0.00272727 0.00397959 0.005
internal_weight=279 147 71 76 43 132 98 78
internal_count=279 147 71 76 43 132 98 78
is_linear=0
shrinkage=0.05


Tree=15
num_leaves=11
num_cat=0
split_feature=25 25 27 26 20 12 2 7 0 0
split_gain=0.956382 1.10671 1.16316 1.44386 0.730838 0.756993 0.128571 0.122738 0.0281069 1.11022e-16
threshold=-0.00043429289892960016 0.0019021384722348602 0.0059058244636678277 0.0034293757324599388 2675.7500000000005 13.500000000000002 10178.500000000002 91.886811803150025 9361.0000000000018 8195.0000000000018
decision_type=2 2 2 2 2 2 2 2 2 2
left_child=7 2 3 -2 -4 -6 -3 9 -9 -1
right_child=1 6 4 -5 5 -7 -8 8 -10 -11
leaf_value=2.4800552249805592 -0.054398334504745183 1.872527147841003 1.5978968753211857 -1.9035657519877505 -6.1793060222475384 0.098940987188357712 0.2735771959123226 0.60089235440907529 2.4924383362675933 0.50790367441673845
leaf_weight=29 22 36 37 27 23 35 20 20 21 23
leaf_count=29 22 36 37 27 23 35 20 20 21 23
internal_value=-0.000802048 -0.00275 -0.00506944 -0.0113265 -0.00184211 -0.00534483 0.00321429 0.0033871 0.00134146 0.005
internal_weight=293 200 144 49 95 58 56 93 41 52
internal_count=293 200 144 49 95 58 56 93 41 52
is_linear=0
shrinkage=0.05


Tree=16
num_leaves=10
num_cat=0
split_feature=25 25 4 24 26 40 26 18 18
split_gain=0.673221 0.715635 0.979446 0.98892 0.512121 0.402299 0.200993 0.0993649 0.113495
threshold=-0.0001656592748670582 0.0016863190991796009 7261.0000000000009 19.145000457763675 0.0049389648707953713 2566.9499511718755 0.0040309200191837044 -7.4999999999999991 37.500000000000007
decision_type=2 2 2 2 2 2 2 2 2
left_child=7 2 5 4 -4 -2 -3 -1 -9
right_child=1 6 3 -5 -6 -7 -8 8 -10
leaf_value=1.2393708404240211 -0.77656061538196897 1.7789007904489531 0.68090623197121425 -6.0359697809222013 -1.6371539500166155 0.69490469889330508 -0.024837863432794084 -0.048476030546911644 2.087259169669708
leaf_weight=44 30 36 24 20 20 28 26 27 38
leaf_count=44 30 36 24 20 20 28 26 27 38
internal_value=5.11947e-05 -0.00179348 -0.00401639 -0.00828125 -0.00409091 0.000689655 0.00258065 0.00316514 0.00192308
internal_weight=293 184 122 64 44 58 62 109 65
internal_count=293 184 122 64 44 58 62 109 65
is_linear=0
shrinkage=0.05


Tree=17
num_leaves=11
num_cat=0
split_feature=25 21 21 20 27 12 10 3 1 0
split_gain=0.601456 0.639693 1.0126 0.446327 0.913135 0.211413 0.124528 0.104762 0.0379518 1.11022e-16
threshold=-0.0001656592748670582 4.3745000362396249 4.2844998836517343 2768.7500000000005 0.009705248646685526 21.500000000000004 2.5000000000000004 6648.5000000000009 7198.0000000000009 9955.5000000000018
decision_type=2 2 2 2 2 2 2 2 2 2
left_child=5 2 3 7 -5 8 -3 -2 -1 -10
right_child=1 6 -4 4 -6 -7 -8 -9 9 -11
leaf_value=0.33615760223348634 0.055142388899903305 2.0428327321399751 -3.7440031911081224 -4.1136152942420354 1.4453578555519782 0.086859623954249982 0.60368962346292254 1.2092187915783028 0.66210986756920898 2.6828761033649973
leaf_weight=20 20 33 22 34 33 26 20 22 43 20
leaf_count=20 20 33 22 34 33 26 20 22 43 20
internal_value=0.000221843 -0.00152174 -0.00339695 -0.00142202 -0.00395522 0.00316514 0.00311321 0.00261905 0.00439759 0.005
internal_weight=293 184 131 109 67 109 53 42 83 63
internal_count=293 184 131 109 67 109 53 42 83 63
is_linear=0
shrinkage=0.05


Tree=18
num_leaves=10
num_cat=0
split_feature=25 25 21 23 28 12 7 27 0
split_gain=0.651441 1.1492 0.774074 1.09773 0.284378 0.214125 0.135484 0.0788121 1.11022e-16
threshold=9.6342530013560093e-05 0.0016863190991796009 4.4144999980926523 80465.558593750015 0.0043216772106988719 21.500000000000004 127.41397167693056 0.0053654263704678877 9066.0000000000018
decision_type=2 2 2 2 2 2 2 2 2
left_child=5 2 3 -2 -5 7 -3 -1 -9
right_child=1 6 -4 4 -6 -7 -8 8 -10
leaf_value=0.27021272531147206 -4.9296019364132322 1.1450336319690333 1.9580052276026909 0.1913582507551001 -5.5634425133295915 -0.11849276565064525 0.21666719439037771 1.2194998106286157 2.2554881228763848
leaf_weight=34 26 42 22 23 20 37 20 46 23
leaf_count=34 26 42 22 23 20 37 20 46 23
internal_value=0.000392492 -0.00186274 -0.00543956 -0.00804348 -0.00313953 0.00285714 0.0033871 0.00402913 0.005
internal_weight=293 153 91 69 43 140 62 103 69
internal_count=293 153 91 69 43 140 62 103 69
is_linear=0
shrinkage=0.05


Tree=19
num_leaves=10
num_cat=0
split_feature=12 12 12 27 10 30 34 0 0
split_gain=0.503173 0.466524 0.593713 0.50625 0.446154 0.119514 0.0583888 0.109091 1.11022e-16
threshold=3.5000000000000004 21.500000000000004 23.500000000000004 0.014030323109133937 1.5000000000000002 84.124950408935561 87.538852691650405 11340.000000000002 8809.0000000000018
decision_type=2 2 2 2 2 2 2 2 2
left_child=-1 3 -3 5 -4 -2 8 -8 -7
right_child=1 2 4 -5 -6 6 7 -9 -10
leaf_value=-0.42230330057899118 0.23162010750317064 -4.898818739145244 3.3363566320986777 -5.5054894630873328 -0.41100822239738161 0.92895308691583467 0.098152939900653019 0.95070004789275131 1.0381896716422225
leaf_weight=27 37 21 29 20 36 58 20 24 21
leaf_count=27 37 21 29 20 36 58 20 24 21
internal_value=0.000392492 0.00105263 -0.00197674 0.0025 0.000384616 0.0034375 0.00418699 0.00272727 0.005
internal_weight=293 266 86 180 65 160 123 44 79
internal_count=293 266 86 180 65 160 123 44 79
is_linear=0
shrinkage=0.05


Tree=20
num_leaves=10
num_cat=0
split_feature=12 27 27 13 12 25 25 7 0
split_gain=0.773629 0.420463 0.470868 0.198275 0.232186 0.304994 0.848381 0.102439 1.11022e-16
threshold=3.5000000000000004 0.014030323109133937 0.0033078489908953831 8.5000000000000018 12.500000000000002 0.00096952071875355827 0.00023540145097822321 67.203991415703285 11203.000000000002
decision_type=2 2 2 2 2 2 2 2 2
left_child=-1 2 -2 4 -4 6 7 -6 -5
right_child=1 -3 3 8 5 -7 -8 -9 -10
leaf_value=-0.77744513310666141 -0.59983544066791106 -1.9151444665642181 1.1745329995886187 0.89348703670063123 1.1691281369420052 1.0238527498559438 -1.0172952895013248 0.49194139494584666 2.0113947188359766
leaf_weight=23 20 35 39 58 21 25 20 20 21
leaf_count=23 20 35 39 58 21 25 20 20 21
internal_value=0.000744681 0.0015251 0.00232143 0.00303922 0.0018 0.000348837 -0.00155738 0.00256098 0.005
internal_weight=282 259 224 204 125 86 61 41 79
internal_count=282 259 224 204 125 86 61 41 79
is_linear=0
shrinkage=0.05


Tree=21
num_leaves=9
num_cat=0
split_feature=25 25 38 12 21 16 35 1
split_gain=0.32828 0.747764 0.715825 1.05219 0.498296 0.168772 0.280519 1.11022e-16
threshold=0.0021380287817722725 0.00021620219223261741 2738.0500488281255 13.500000000000002 3.9974999427795415 7.5000000000000009 85.999603271484389 9273.0000000000018
decision_type=2 2 2 2 2 2 2 2
left_child=1 4 -3 -4 -1 7 -7 -6
right_child=-2 2 3 -5 5 6 -8 -9
leaf_value=-0.94094845193077215 0.6905091911466964 0.33678341412196711 -4.5876281262955318 -0.004068361029173473 0.96453130880711291 1.4456733515266926 -0.026254336406915876 0.75020324490717294
leaf_weight=20 42 35 22 32 53 27 28 23
leaf_count=20 42 35 22 32 53 27 28 23
internal_value=0.000921986 0.000208334 -0.00342697 -0.00703704 0.00235099 0.00347328 0.00136364 0.005
internal_weight=282 240 89 54 151 131 55 76
internal_count=282 240 89 54 151 131 55 76
is_linear=0
shrinkage=0.05


Tree=22
num_leaves=7
num_cat=0
split_feature=22 27 23 21 12 28
split_gain=0.881115 0.367969 0.466619 0.245744 0.244445 0.140177
threshold=97.739997863769545 0.014030323109133937 76312.683593750015 3.8775000572204594 5.5000000000000009 0.010159170365825145
decision_type=2 2 2 2 2 2
left_child=-1 2 -2 -4 -5 -6
right_child=1 -3 3 4 5 -7
leaf_value=-0.032408990587926699 -0.2730341780065863 -1.6462875051273624 -0.057301584052408039 -0.41229045531238628 0.94172677376288461 0.51465682103487131
leaf_weight=21 28 36 21 25 127 24
leaf_count=21 28 36 21 25 127 24
internal_value=0.000567376 0.00136015 0.00211111 0.00296954 0.00357955 0.00433775
internal_weight=282 261 225 197 176 151
internal_count=282 261 225 197 176 151
is_linear=0
shrinkage=0.05


Tree=23
num_leaves=9
num_cat=0
split_feature=22 24 26 21 23 25 25 0
split_gain=0.818834 0.43728 0.821558 0.530937 0.275985 0.161029 0.271038 1.11022e-16
threshold=97.739997863769545 19.94999980926514 0.0019412915201458827 3.9974999427795415 76510.007812500015 0.00050100596890689808 0.001596673482783695 9083.5000000000018
decision_type=2 2 2 2 2 2 2 2
left_child=-1 3 -3 -2 -5 7 -7 -6
right_child=1 2 -4 4 5 6 -8 -9
leaf_value=-0.030788541058530457 -0.45665556965174514 -5.0474041385199921 1.2906780719152258 -0.086648590955172244 1.3432790535625707 -0.29684580958489359 1.9359725619336796 0.53664063747186164
leaf_weight=21 26 29 28 20 58 30 31 39
leaf_count=21 26 29 28 20 58 30 31 39
internal_value=0.000212766 0.000977012 -0.00289474 0.00205882 0.00303371 0.00373418 0.00172131 0.005
internal_weight=282 261 57 204 178 158 61 97
internal_count=282 261 57 204 178 158 61 97
is_linear=0
shrinkage=0.05


Tree=24
num_leaves=9
num_cat=0
split_feature=22 7 5 38 31 5 22 0
split_gain=0.84969 0.651043 0.326702 0.609773 1.60765 0.281179 0.0380952 1.11022e-16
threshold=97.739997863769545 218.10590978398884 8283.0000000000018 2738.0500488281255 86.298248291015639 6366.0000000000009 99.604999542236342 7048.0000000000009
decision_type=2 2 2 2 2 2 2 2
left_child=-1 2 3 5 -5 -2 -4 -7
right_child=1 -3 6 4 -6 7 -8 -9
leaf_value=-0.0292491140056041 0.0005109120203551365 -2.0606354390870392 0.98345043163200696 -6.7678828539788825 0.10170450026938208 0.63456633903717607 0.73943808855455406 1.1025600879984436
leaf_weight=21 36 20 64 20 39 33 20 29
leaf_count=21 36 20 64 20 39 33 20 29
internal_value=0.000390071 0.00116858 0.00188797 0.000541401 -0.00347458 0.00295918 0.00440476 0.005
internal_weight=282 261 241 157 59 98 84 62
internal_count=282 261 241 157 59 98 84 62
is_linear=0
shrinkage=0.05


Tree=25
num_leaves=11
num_cat=0
split_feature=41 12 19 21 17 21 12 7 0 0
split_gain=0.910603 0.706067 0.734332 0.321457 0.192604 0.23282 0.245131 0.0346154 5.55112e-17 5.55112e-17
threshold=3323.049926757813 16.500000000000004 88.08609771728517 4.1370000839233407 36.000000000000007 4.1974999904632577 11.500000000000002 51.942200156813854 7103.0000000000009 7895.5000000000009
decision_type=2 2 2 2 2 2 2 2 2 2
left_child=4 3 -3 -2 5 -1 -7 -8 -6 -9
right_child=1 2 -4 -5 8 6 7 9 -10 -11
leaf_value=-0.088292586461778996 -1.4600750943749163 -7.5539013445322389 -0.032923487091307616 0.87413123654793834 0.41062148270842302 0.10821286129281092 0.14347316647441768 0.36799487905568973 2.2812460725592887 3.8301441428763052
leaf_weight=34 21 23 27 32 23 33 20 23 22 22
leaf_count=34 21 23 27 32 23 33 20 23 22 22
internal_value=1.86265e-10 -0.00373786 -0.008 0.000283019 0.00217514 0.00121212 0.00244898 0.00423077 0.005 0.005
internal_weight=280 103 50 53 177 132 98 65 45 45
internal_count=280 103 50 53 177 132 98 65 45 45
is_linear=0
shrinkage=0.05


Tree=26
num_leaves=10
num_cat=0
split_feature=9 25 36 25 12 2 5 21 0
split_gain=0.573732 0.299628 0.41905 0.669643 0.556046 0.305122 0.206044 0.034375 1.11022e-16
threshold=12005.500000000002 -0.00075284634196481892 2692.5500488281255 0.0023642472498660587 13.500000000000002 8956.5000000000018 6366.0000000000009 4.3745000362396249 7024.5000000000009
decision_type=2 2 2 2 2 2 2 2 2
left_child=1 7 6 4 -4 -6 -3 -1 -8
right_child=-2 2 3 -5 5 -7 8 -9 -10
leaf_value=0.69904450461886247 -5.5330850787321699 0.0017757916948724529 -1.1251608138628753 1.5925975298676815 1.3103341574948797 -0.91452041853851318 0.4437870103368427 1.0616339951133404 0.37779168830296511
leaf_weight=44 26 28 37 28 27 20 29 20 21
leaf_count=44 26 28 37 28 27 20 29 20 21
internal_value=0.000535714 0.00125984 0.000263158 -0.00169643 -0.00392857 -0.000319149 0.00307692 0.00421875 0.005
internal_weight=280 254 190 112 84 47 78 64 50
internal_count=280 254 190 112 84 47 78 64 50
is_linear=0
shrinkage=0.05


Tree=27
num_leaves=9
num_cat=0
split_feature=7 25 21 29 0 12 0 3
split_gain=0.527947 0.278522 0.471591 0.480539 1.24219 0.147695 0.1 0.039011
threshold=218.10590978398884 9.6342530013560093e-05 4.4144999980926523 86.733852386474624 7168.0000000000009 21.500000000000004 11129.000000000002 6809.5000000000009
decision_type=2 2 2 2 2 2 2 2
left_child=1 5 3 4 -3 7 -5 -1
right_child=-2 2 -4 6 -6 -7 -8 -9
leaf_value=1.896157460564355 -4.8995584592092136 0.27943851157107163 1.5417007481624794 1.4338011328652598 -0.80510273274710276 0.3635237261160803 -0.029538369538679034 0.44009665195217668
leaf_weight=20 22 32 36 20 25 34 20 71
leaf_count=20 22 32 36 20 25 34 20 71
internal_value=0.00107143 0.00170543 0.000112782 -0.00170103 -0.00464912 0.0034 0.0025 0.00445055
internal_weight=280 258 133 97 57 125 40 91
internal_count=280 258 133 97 57 125 40 91
is_linear=0
shrinkage=0.05


Tree=28
num_leaves=9
num_cat=0
split_feature=7 27 25 21 19 23 7 0
split_gain=0.603063 0.268546 0.24093 0.420526 0.483613 0.128221 0.240698 0.0295918
threshold=194.69653971373489 0.0034360799713476688 9.6342530013560093e-05 4.3065001964569101 87.270198822021499 79686.519531250015 72.366055737218787 8581.0000000000018
decision_type=2 2 2 2 2 2 2 2
left_child=1 -1 5 4 -4 6 -3 -5
right_child=-2 2 3 7 -6 -7 -8 -9
leaf_value=-0.21979082871476852 -4.3052016884593938 1.387418369057781 -0.57797900049388617 1.2735689668111427 0.6323858397446509 0.74806650927931062 -0.029052392654539357 0.69631828801784301
leaf_weight=23 26 23 36 29 35 68 20 20
leaf_count=23 26 23 36 29 35 68 20 20
internal_value=0.000714286 0.00145669 0.0019697 0.000416667 -0.00204225 0.00364865 0.00151163 0.00397959
internal_weight=280 254 231 120 71 111 43 49
internal_count=280 254 231 120 71 111 43 49
is_linear=0
shrinkage=0.05


Tree=29
num_leaves=10
num_cat=0
split_feature=7 7 7 0 16 12 7 0 0
split_gain=0.579885 0.195559 0.454301 1.12444 0.342359 0.102439 0.0369807 0.0361111 1.11022e-16
threshold=218.10590978398884 94.437896156452055 62.62414691667162 8038.5000000000009 19.500000000000004 13.500000000000002 54.304564016661537 11151.000000000002 8956.5000000000018
decision_type=2 2 2 2 2 2 2 2 2
left_child=1 2 4 5 6 -4 -1 8 -3
right_child=-2 7 3 -5 -6 -7 -8 -9 -10
leaf_value=0.33356990479435306 -4.4393204518257843 0.81993451790717453 0.005974029882868096 -3.9735050212040024 -0.037475114925317889 0.89015882417325598 0.56509556059343991 0.079386529066378747 1.6281984507756029
leaf_weight=73 22 29 20 21 30 21 21 20 23
leaf_count=73 22 29 20 21 30 21 21 20 23
internal_value=0.00142857 0.00209302 0.00123656 -0.00225806 0.00298387 0.00256098 0.00446809 0.00430556 0.005
internal_weight=280 258 186 62 124 41 94 72 52
internal_count=280 258 186 62 124 41 94 72 52
is_linear=0
shrinkage=0.05


Tree=30
num_leaves=9
num_cat=0
split_feature=25 25 20 22 22 22 27 0
split_gain=0.386352 0.79147 0.637812 1.09113 0.305625 0.128571 0.122222 1.11022e-16
threshold=9.6342530013560093e-05 0.0018344553028337709 2703.4499511718755 99.154998779296889 99.000000000000014 98.784999847412124 0.005243713464603548 8195.0000000000018
decision_type=2 2 2 2 2 2 2 2
left_child=4 2 -2 -4 -1 -3 -6 -8
right_child=1 5 3 -5 6 -7 7 -9
leaf_value=-0.22871645899120474 0.13959433138986627 0.072119289385149263 -0.073663851192310489 -3.5343253831061356 0.0070570682941770244 1.7736788215602155 1.4191696640323503 0.60021430392606356
leaf_weight=39 36 20 27 28 24 36 43 23
leaf_count=39 36 20 27 28 24 36 43 23
internal_value=0.000289855 -0.00146258 -0.00434066 -0.00772727 0.00228682 0.00321429 0.00388889 0.005
internal_weight=276 147 91 55 129 56 90 66
internal_count=276 147 91 55 129 56 90 66
is_linear=0
shrinkage=0.05


Tree=31
num_leaves=9
num_cat=0
split_feature=7 27 12 19 28 24 7 0
split_gain=0.450922 0.241929 0.274301 0.217034 0.480775 0.320438 0.124528 2.22045e-16
threshold=218.10590978398884 0.0034360799713476688 3.5000000000000004 85.270153045654311 0.010159170365825145 15.420000076293947 71.774741576135099 8865.0000000000018
decision_type=2 2 2 2 2 2 2 2
left_child=1 -1 -3 4 6 -5 -4 -7
right_child=-2 2 3 5 -6 7 -8 -9
leaf_value=-0.18654090346473545 -4.0917199037359344 -0.11130858566802065 0.81612930051882582 -0.22412090985173455 -4.1431510260766133 2.1545279847745267 0.017731170809475387 0.77803600549530283
leaf_weight=24 23 25 33 23 24 46 20 58
leaf_count=24 23 25 33 23 24 46 20 58
internal_value=0.000833334 0.00144269 0.00194323 0.00254902 0.000454546 0.0038189 0.00311321 0.005
internal_weight=276 253 229 204 77 127 53 104
internal_count=276 253 229 204 77 127 53 104
is_linear=0
shrinkage=0.05


Tree=32
num_leaves=9
num_cat=0
split_feature=7 27 24 27 24 25 16 0
split_gain=0.475626 0.262365 0.190478 0.138414 0.247498 0.34774 0.173761 2.22045e-16
threshold=218.10590978398884 0.0034360799713476688 23.940000534057621 0.0053654263704678877 15.934999942779543 0.00013863209691278303 10.500000000000002 7558.0000000000009
decision_type=2 2 2 2 2 2 2 2
left_child=1 -1 3 6 5 -5 -3 -6
right_child=-2 2 -4 4 7 -7 -8 -9
leaf_value=-0.17721385829149888 -3.8871339085491372 -0.18752203349890517 -3.8018710824849453 0.6780383789276716 2.3041438932807927 -0.2415944322156022 0.20777245194684082 0.77014832358999308
leaf_weight=24 23 27 20 28 35 33 28 58
leaf_count=24 23 27 20 28 35 33 28 58
internal_value=0.00101449 0.00164032 0.00216157 0.00260766 0.00337662 0.00090164 0.000454546 0.005
internal_weight=276 253 229 209 154 61 55 93
internal_count=276 253 229 209 154 61 55 93
is_linear=0
shrinkage=0.05


Tree=33
num_leaves=9
num_cat=0
split_feature=42 13 34 29 25 25 40 36
split_gain=0.286966 0.476642 0.63122 0.511364 0.715909 0.480002 0.119549 0.235714
threshold=2737.900024414063 9.5000000000000018 88.705799102783217 86.863800048828139 0.00081988824617296185 -0.00090273087859493717 2566.9499511718755 2447.099975585938
decision_type=2 2 2 2 2 2 2 2
left_child=6 3 -3 4 5 -2 7 -1
right_child=1 2 -4 -5 -6 -7 -8 -9
leaf_value=0.70953895390776212 0.65611714122197007 -3.6927772131216798 0.035634652181010154 1.0501814226667463 0.49491664047635631 -2.7637312608616447 0.45758046359769494 -0.59014147560406616
leaf_weight=22 21 23 26 60 28 23 53 20
leaf_count=22 21 23 26 60 28 23 53 20
internal_value=0.00119565 2.76245e-05 -0.00418367 0.00159091 -0.00125 -0.00522727 0.00342105 0.00142857
internal_weight=276 181 49 132 72 44 95 42
internal_count=276 181 49 132 72 44 95 42
is_linear=0
shrinkage=0.05


Tree=34
num_leaves=9
num_cat=0
split_feature=2 29 0 4 23 2 20 0
split_gain=0.371005 0.525503 0.602083 0.566382 0.369231 0.211341 0.145055 1.11022e-16
threshold=8038.5000000000009 89.586948394775405 11129.000000000002 8926.0000000000018 81857.660156250015 6401.0000000000009 2703.4499511718755 6914.0000000000009
decision_type=2 2 2 2 2 2 2 2
left_child=5 2 3 -2 -5 -1 7 -7
right_child=1 -3 -4 4 -6 6 -8 -9
leaf_value=0.015655217656310151 -0.87702017308180125 1.1387455118761183 -6.8456317922988523 0.68866655904045282 -0.031641026384817007 2.0314160096690941 0.09512665004736709 0.43470143839979392
leaf_weight=22 31 29 24 39 26 23 39 43
leaf_count=22 31 29 24 39 26 23 39 43
internal_value=0.000652174 -0.00104027 -0.0025 -0.000729166 0.00192308 0.0026378 0.00357143 0.005
internal_weight=276 149 120 96 65 127 105 66
internal_count=276 149 120 96 65 127 105 66
is_linear=0
shrinkage=0.05


Tree=35
num_leaves=10
num_cat=0
split_feature=17 23 41 18 23 23 0 21 0
split_gain=0.514893 0.767933 0.547725 0.504921 0.453205 0.765217 0.150617 0.0391304 1.11022e-16
threshold=36.000000000000007 76612.003906250015 2453.950073242188 105.00000000000001 80674.656250000015 79476.410156250015 10332.500000000002 4.2969999313354501 11203.000000000002
decision_type=2 2 2 2 2 2 2 2 2
left_child=1 -1 -3 4 5 -4 -2 8 -6
right_child=6 2 3 -5 7 -7 -8 -9 -10
leaf_value=-0.12710778746417262 0.90283788094674644 -1.2444317373788856 1.0926396999889714 -2.3722535300803034 1.0735473699582696 -2.5467244732724392 0.22859550551240959 0.73269279636950835 0.69159676916356561
leaf_weight=30 61 20 22 24 43 23 20 20 29
leaf_count=30 61 20 22 24 43 23 20 20 29
internal_value=0.000376713 -0.00092417 0.000303868 0.00127329 0.00244526 -0.00166667 0.00376543 0.00445652 0.005
internal_weight=292 211 181 161 137 45 81 92 72
internal_count=292 211 181 161 137 45 81 92 72
is_linear=0
shrinkage=0.05


Tree=36
num_leaves=9
num_cat=0
split_feature=27 23 7 34 36 29 18 0
split_gain=0.549977 0.46889 0.307435 0.338801 0.612214 0.270563 0.250216 0.0394737
threshold=0.0033078489908953831 76430.792968750015 62.62414691667162 88.705799102783217 3376.049926757813 85.17615127563478 25.000000000000004 6660.5000000000009
decision_type=2 2 2 2 2 2 2 2
left_child=-1 -2 7 4 5 6 -4 -3
right_child=1 2 3 -5 -6 -7 -8 -9
leaf_value=-0.14620054125310808 -0.090755171592611761 0.54423123991475864 -0.2056146004567376 0.85224178112335636 -5.9670055864615428 1.0049847282646305 0.097756818665974105 0.89823263943873111
leaf_weight=21 33 20 20 36 30 35 22 75
leaf_count=21 33 20 20 36 30 35 22 75
internal_value=0.000890411 0.00149447 0.00226891 0.000804196 -0.000607476 0.00175325 -0.000952381 0.00447368
internal_weight=292 271 238 143 107 77 42 95
internal_count=292 271 238 143 107 77 42 95
is_linear=0
shrinkage=0.05


Tree=37
num_leaves=9
num_cat=0
split_feature=23 27 1 18 28 27 7 0
split_gain=0.622288 0.793388 0.776219 0.272196 0.391024 0.135484 0.118326 1.11022e-16
threshold=80343.226562500015 0.0055880109360930972 8038.5000000000009 -1.0000000180025095e-35 0.0056654009185579399 0.0049184333159354417 82.271539113968075 9083.5000000000018
decision_type=2 2 2 2 2 2 2 2
left_child=1 -1 6 7 5 -5 -3 -2
right_child=3 2 -4 4 -6 -7 -8 -9
leaf_value=-0.09575568359990283 1.5401742949025623 0.94847355344238415 -4.472795655398893 0.03965146953384488 -1.7224844129142527 0.83300173086075091 0.19887792510202776 0.30868052998473805
leaf_weight=33 29 41 25 20 37 42 22 43
leaf_count=33 29 41 25 20 37 42 22 43
internal_value=0.000719178 -0.00202479 0.000454546 0.00266082 0.000959596 0.0033871 0.0034127 0.005
internal_weight=292 121 88 171 99 62 63 72
internal_count=292 121 88 171 99 62 63 72
is_linear=0
shrinkage=0.05


Tree=38
num_leaves=8
num_cat=0
split_feature=27 23 7 21 23 21 0
split_gain=0.549977 0.575396 0.257013 0.309384 0.295513 0.150617 0.0392473
threshold=0.0033078489908953831 76729.484375000015 62.62414691667162 4.0325000286102304 80343.226562500015 4.1370000839233407 6660.5000000000009
decision_type=2 2 2 2 2 2 2
left_child=-1 -2 6 -4 -5 -6 -3
right_child=1 2 3 4 5 -7 -8
leaf_value=-0.13410273001045817 -0.05615503480458775 0.48295078629764909 -0.087753875547643606 -1.1687253945817984 0.17096653200567116 0.78233784241251669 0.87696918063338369
leaf_weight=21 38 20 21 38 20 61 73
leaf_count=21 38 20 21 38 20 61 73
internal_value=0.000890411 0.00149447 0.00242489 0.00107143 0.00205882 0.00376543 0.00446237
internal_weight=292 271 233 140 119 81 93
internal_count=292 271 233 140 119 81 93
is_linear=0
shrinkage=0.05


Tree=39
num_leaves=10
num_cat=0
split_feature=23 17 26 38 5 18 28 12 0
split_gain=0.622288 0.787394 1.05423 1.0484 0.569164 0.272196 0.391024 0.135484 1.11022e-16
threshold=80343.226562500015 60.000000000000007 0.0072519752970947602 2913.599975585938 7056.5000000000009 -1.0000000180025095e-35 0.0056654009185579399 9.5000000000000018 9083.5000000000018
decision_type=2 2 2 2 2 2 2 2 2
left_child=1 2 3 4 -1 8 7 -7 -2
right_child=5 -3 -4 -5 -6 6 -8 -9 -10
leaf_value=-0.12739759350993546 1.4202634343105576 1.6575484337127291 0.23432158067273617 -5.3865792747263574 1.0373276874503812 0.0074836823289416822 -1.6357564401900804 1.3564576172518819 0.29809768595254776
leaf_weight=21 29 30 30 20 20 20 37 42 43
leaf_count=21 29 30 30 20 20 20 37 42 43
internal_value=0.000719178 -0.00202479 -0.00434066 -0.00811475 -0.00353659 0.00266082 0.000959596 0.0033871 0.005
internal_weight=292 121 91 61 41 171 99 62 72
internal_count=292 121 91 61 41 171 99 62 72
is_linear=0
shrinkage=0.05


Tree=40
num_leaves=10
num_cat=0
split_feature=26 22 3 36 24 24 10 16 0
split_gain=0.41662 0.544513 0.510807 0.495655 0.513369 0.32967 0.204545 0.0363014 1.11022e-16
threshold=-0.0016784108186784217 106.67499923706056 6524.5000000000009 3332.150024414063 17.164999961853031 19.94999980926514 1.5000000000000002 3.5000000000000004 9130.5000000000018
decision_type=2 2 2 2 2 2 2 2 2
left_child=5 2 -2 7 6 8 -5 -4 -1
right_child=1 -3 3 4 -6 -7 -8 -9 -10
leaf_value=2.2941538494083935 -0.72406375525794908 -0.089388620263979757 0.46394987115770858 1.2015280832498452 -3.1379029292500942 -2.1037893777675198 -0.19031369387075289 0.32258410502433049 0.40730761194738307
leaf_weight=41 21 29 20 22 24 21 22 53 29
leaf_count=41 21 29 20 22 24 21 22 53 29
internal_value=0.000567376 -0.000759162 0.000370371 0.0014539 -0.00161765 0.00335165 0.00159091 0.00431507 0.005
internal_weight=282 191 162 141 68 91 44 73 70
internal_count=282 191 162 141 68 91 44 73 70
is_linear=0
shrinkage=0.05


Tree=41
num_leaves=10
num_cat=0
split_feature=27 22 18 12 7 16 28 5 0
split_gain=0.408202 0.33309 0.4 0.217269 0.296174 0.501136 0.436364 0.041453 1.11022e-16
threshold=0.0034360799713476688 106.67499923706056 47.500000000000007 3.5000000000000004 91.886811803150025 3.5000000000000004 0.00075073985375362373 6231.5000000000009 8938.0000000000018
decision_type=2 2 2 2 2 2 2 2 2
left_child=-1 3 -3 -2 7 -6 -7 -5 -9
right_child=1 2 -4 4 5 6 -8 8 -10
leaf_value=-0.47040641608714112 -0.030003322806176215 0.31875741892774956 -0.088691778296939736 0.40874291887720987 1.3805778438478948 0.16192910016506851 -5.1582884749885922 0.22363537389812366 0.38122451244617106
leaf_weight=25 20 20 20 20 36 20 24 58 39
leaf_count=25 20 20 20 20 36 20 24 58 39
internal_value=0.00109929 0.00169261 -0.0025 0.00246544 0.00296954 0.000625 -0.00295455 0.00457265 0.005
internal_weight=282 257 40 217 197 80 44 117 97
internal_count=282 257 40 217 197 80 44 117 97
is_linear=0
shrinkage=0.05


Tree=42
num_leaves=10
num_cat=0
split_feature=27 26 22 7 31 4 1 5 0
split_gain=0.406965 0.625 0.357837 0.205191 0.159791 0.684225 0.0395833 0.034127 1.11022e-16
threshold=0.0039255677100142909 0.0015349422079150579 106.67499923706056 218.10590978398884 85.673549652099624 7271.5000000000009 11712.000000000002 6216.5000000000009 8982.0000000000018
decision_type=2 2 2 2 2 2 2 2 2
left_child=1 -1 3 4 5 7 8 -2 -6
right_child=2 -3 -4 -5 6 -7 -8 -9 -10
leaf_value=0.21004993650681822 0.046720179551381268 -0.4669630134619423 -0.031742996512808222 -1.7406854970339785 0.64449941504309871 -3.9485665090326574 0.084823297821784105 0.21783517180870213 1.2796941195855576
leaf_weight=20 20 20 39 21 23 23 20 43 53
leaf_count=20 20 20 39 21 23 23 20 43 53
internal_value=0.000921986 -0.00375 0.00169422 0.00253695 0.00307692 0.00151163 0.00447917 0.00420635 0.005
internal_weight=282 40 242 203 182 86 96 63 76
internal_count=282 40 242 203 182 86 96 63 76
is_linear=0
shrinkage=0.05


end of trees

feature_importances:
lag_1=56
usd_inr_change_1d=36
gold_usd_5d_vol=28
roll_7d_std=26
dom=25
us_10y_yield=23
sensex=16
dxy=15
prev_delta=11
gold_usd=11
gold_usd_change_1d=11
lag_2=10
vix_level=10
usd_inr=9
dow=7
lag_3=6
lag_30d=6
sensex_5d_return=6
usd_inr_lag_1=6
gold_usd_lag_1=6
since_last_drop=5
month=4
hours_since_prev=4
usd_inr_lag_6=4
lag_4=3
lag_7d=3
usd_inr_lag_3=3
gold_usd_lag_3=3
roll_7d_max=2
gold_usd_lag_5=2
gold_usd_lag_6=2
usd_inr_lag_2=1
usd_inr_lag_7=1
gold_usd_lag_7=1

parameters:
[boosting: gbdt]
[objective: quantile]
[metric: quantile]
[tree_learner: serial]
[device_type: cpu]
[data_sample_strategy: bagging]
[data: ]
[valid: ]
[num_iterations: 500]
[learning_rate: 0.05]
[num_leaves: 31]
[num_threads: 8]
[seed: 42]
[deterministic: 0]
[force_col_wise: 0]
[force_row_wise: 0]
[histogram_pool_size: -1]
[max_depth: -1]
[min_data_in_leaf: 20]
[min_sum_hessian_in_leaf: 0.001]
[bagging_fraction: 0.8]
[pos_bagging_fraction: 1]
[neg_bagging_fraction: 1]
[bagging_freq: 5]
[bagging_seed: 400]
[bagging_by_query: 0]
[feature_fraction: 0.9]
[feature_fraction_bynode: 1]
[feature_fraction_seed: 30056]
[extra_trees: 0]
[extra_seed: 12879]
[early_stopping_round: 0]
[early_stopping_min_delta: 0]
[first_metric_only: 0]
[max_delta_step: 0]
[lambda_l1: 0]
[lambda_l2: 0]
[linear_lambda: 0]
[min_gain_to_split: 0]
[drop_rate: 0.1]
[max_drop: 50]
[skip_drop: 0.5]
[xgboost_dart_mode: 0]
[uniform_drop: 0]
[drop_seed: 17869]
[top_rate: 0.2]
[other_rate: 0.1]
[min_data_per_group: 100]
[max_cat_threshold: 32]
[cat_l2: 10]
[cat_smooth: 10]
[max_cat_to_onehot: 4]
[top_k: 20]
[monotone_constraints: ]
[monotone_constraints_method: basic]
[monotone_penalty: 0]
[feature_contri: ]
[forcedsplits_filename: ]
[refit_decay_rate: 0.9]
[cegb_tradeoff: 1]
[cegb_penalty_split: 0]
[cegb_penalty_feature_lazy: ]
[cegb_penalty_feature_coupled: ]
[path_smooth: 0]
[interaction_constraints: ]
[verbosity: -1]
[saved_feature_importance_type: 0]
[use_quantized_grad: 0]
[num_grad_quant_bins: 4]
[quant_train_renew_leaf: 0]
[stochastic_rounding: 1]
[linear_tree: 0]
[max_bin: 255]
[max_bin_by_feature: ]
[min_data_in_bin: 3]
[bin_construct_sample_cnt: 200000]
[data_random_seed: 175]
[is_enable_sparse: 1]
[enable_bundle: 1]
[use_missing: 1]
[zero_as_missing: 0]
[feature_pre_filter: 1]
[pre_partition: 0]
[two_round: 0]
[header: 0]
[label_column: ]
[weight_column: ]
[group_column: ]
[ignore_column: ]
[categorical_feature: ]
[forcedbins_filename: ]
[precise_float_parser: 0]
[parser_config_file: ]
[objective_seed: 16083]
[num_class: 1]
[is_unbalance: 0]
[scale_pos_weight: 1]
[sigmoid: 1]
[boost_from_average: 1]
[reg_sqrt: 0]
[alpha: 0.1]
[fair_c: 1]
[poisson_max_delta_step: 0.7]
[tweedie_variance_power: 1.5]
[lambdarank_truncation_level: 30]
[lambdarank_norm: 1]
[label_gain: ]
[lambdarank_position_bias_regularization: 0]
[eval_at: ]
[multi_error_top_k: 1]
[auc_mu_weights: ]
[num_machines: 1]
[local_listen_port: 12400]
[time_out: 120]
[machine_list_filename: ]
[machines: ]
[gpu_platform_id: -1]
[gpu_device_id: -1]
[gpu_use_dp: 0]
[num_gpu: 1]

end of parameters

pandas_categorical:[]
